1001-10,11,12,13,14,15,18,19,20
1002-10,11,12,13,14,15,16,17,18
1003-10,11,12,13,14,15,16,17,18,19,20
1004-10,13,14,15,16,17,18,19,20
1005-10,11,12,13,14,15,16,17,18,19,20
1006-10,11,12,15,16,17,18,19,20
1007-10,11,12,13,14,15,16,17,18,19,20
1008-10,11,12,13,14,15,16,19,20
1009-10,11,12,13,14,15,16,17,18,19,20
1010-10,11,12,13,18,19,20
1011-10,11,12,13,14,15,16,17,18,19,20
1012-10,11,12,13,14,15,16,17,18,19,20
1013-10,11,12,15,16,17,18,19,20
1014-10,11,12,13,14,15,16,17,18,19,20
1015-10,11,12,13,16,17,18,19,20
1016-10,11,12,13,14,15
1017-13,14,15,16,17,18,19,20
1018-10,11,12,16,17,18,19,20